[LoginPic4.png]
filters=radblur=1,0.500000,0.500000,-1.000000,-1.000000;
moddate=0000cdb1dad40000
width=2448
height=3264
textactive=0
